3404
4601
3397
4608
3390
4615
3383
4622
3376
4629
3369
4636
3362
4643
3355
4650
3348
4657
3341
4664
3334
4671
3327
4678
3320
4685
3313
4692
3306
4699
3299
4706
3292
4713
3285
4720
3278
4727
3271
4734
3264
4741
3257
4748
3250
4755
3243
4762
3236
4769
3229
4776
3222
4783
3215
4790
3208
4797
3201
4804
3194
4811
3187
4818
3180
4825
3173
4832
3166
4839
3159
4846
3152
4853
3145
4860
3138
4867
3131
4874
3124
4881
3117
4888
3110
4895
3103
4902
3096
4909
3089
4916
3082
4923
3075
4930
3068
4937
3061
4944
3054
4951
3047
4958
3040
4965
3033
4972
3026
4979
3019
4986
3012
4993
3005
5000
2998
5007
3523
5014
3516
5021
3509
5028
3502
5035
3495
5042
3488
5049
3481
5056
3474
5063
3467
5070
3460
5077
3453
5084
3446
5091
3439
5098
3432
5105
3411
3418
3425
4594
5119
5112
5532
8829
5525
8836
5518
8843
5511
8850
5504
8857
5497
8864
5490
8871
5483
8878
5476
8885
5469
8892
5462
8899
5455
8906
5448
8913
5441
8920
5434
8927
5427
8934
5420
8941
5413
8948
5406
8955
5399
8962
5392
8969
5385
8976
5378
8983
5371
8990
5364
8997
5357
9004
5350
9011
5343
9018
5336
9025
5329
9032
5322
9039
5315
9046
5308
9053
5301
9060
5294
9067
5287
9074
5280
9081
5273
9088
5266
9095
5259
9102
5252
9109
5245
9116
5238
9123
5231
9130
5224
9137
5217
9144
5210
9151
5203
9158
5196
9165
5189
9172
5182
9179
5175
9186
5168
9193
5161
9200
5154
9207
5147
9214
5140
9221
5133
9228
5126
9235
5651
9242
5644
9249
5637
9256
5630
9263
5623
9270
5616
9277
5609
9284
5602
9291
5595
9298
5588
9305
5581
9312
5574
9319
5567
9326
5560
9333
5539
5546
5553
8822
9347
9340
11202
9508
44
11566
51
11573
58
11580
65
11587
72
11594
79
11601
86
11608
93
11615
100
11622
107
11629
114
11636
121
11643
128
11650
135
11657
142
11664
149
11671
156
11678
163
11685
170
11692
177
11699
184
11706
191
11713
198
11720
205
11727
212
11734
219
11741
226
11748
233
11755
240
11762
247
11769
254
11776
261
11783
268
11790
275
11797
282
11804
289
11811
296
11818
303
11825
310
11832
317
11839
324
11846
331
11853
338
11860
345
11867
352
11874
359
11881
366
11888
373
11895
380
11902
387
11909
394
11916
401
11923
408
11930
415
11937
422
11944
429
11951
436
11958
443
11965
450
11972
457
11979
464
11986
471
11993
9774
11468
478
11559
12000
37
