i = 0
0.00141777	0.000240359	0.000152662	0.000179366	0.000303135	0.000200792	0.000147328	0.000240477	0.000146096	0.000138172	0.000254755	0.000118147	0.000159847	0.00020903	0	0	

i = 1
0.000166916	0.00125567	0.000179444	0.000194614	0.000244721	0.000242069	0.000251621	0.000282664	0.000184936	0.000208221	0.000460688	0.000213652	0.000578118	0.000189	0	0	

i = 2
0.000167929	0.000110427	0.00142028	0.000222494	0.000302162	0.000193723	0.000287668	7.45749e-05	0.000422859	4.761e-05	8.77809e-05	0.00012213	0	0	0.000510725	0	

i = 3
0.00026008	0.00022705	0.000176141	0.00188435	0.000276123	0.000178836	0.000178934	2.92065e-05	0.000212925	0.000223751	0.000412541	0.000143493	0.000388274	0.000253872	0	0	

i = 4
0.000184046	0.000225144	0.000257397	0.00021038	0.00277773	0.000176633	0.000240004	0.000352572	4.28394e-05	0.00020258	0.000124502	0	0	0.000612933	0	0	

i = 5
0.000107089	0.000157345	0.00026291	0.00029264	0.000215885	0.00313038	0.000267078	0.000217969	0.000317813	0.000166987	0.000153941	0.000214179	0.000869313	0.000378931	0	0	

i = 6
0.000212808	0.000266422	0.000135373	0.00039763	0.000264004	0.000148377	0.00410074	0.000266553	6.47752e-05	0.000204207	0.000376506	0.000261917	0	0.000926784	0	0.0060241	

i = 7
0.000216429	0.000282664	0.000124292	0.000175239	0.0002468	0.000305157	0.000426485	0.00493382	0.000190313	0.000149993	0	0	0.000520562	0	0	0	

i = 8
0.000146096	0.000158516	0.000120817	0.00014195	0.000257036	0.000211876	0.000518202	0.000475783	0.00693722	0.000364498	0	0	0	0	0	0	

i = 9
0.000322402	0.000166576	0.00023805	0.000335627	0.000135053	0.00025048	0.000102103	0	0.000546747	0.00976731	0	0	0	0.00130378	0	0	

i = 10
0.000169837	0.000153563	0.000175562	0.000206271	0	0	0.000376506	0.000276549	0.00100806	0.00105932	0.0224609	0	0	0	0	0	

i = 11
0.000236295	0	0.00024426	0.000143493	0.00017322	0.000214179	0	0	0	0	0	0.0170132	0	0	0	0	

i = 12
0	0.000433589	0.000495704	0	0.000468713	0.000289771	0	0.000520562	0	0.000997009	0	0	0.0415225	0	0	0	

i = 13
0.00020903	0.000378	0.000432152	0.000253872	0	0.000378931	0.000463392	0	0.00082713	0	0	0	0	0.0650888	0	0	

i = 14
0.000247036	0.000223364	0	0	0.000362188	0.000447828	0.00164294	0.000804505	0.000977517	0	0	0	0	0	0.0165289	0	

i = 15
0	0	0	0	0	0	0	0	0	0	0	0	0	0	0	1	

